253
18
1	13	124	3	5	0	92	4	5	0	127	4	5	0	102	5	5	0	94	6	5	0	123	6	5	0	127	6	5	0	122	9	5	0	125	9	5	0	129	9	5	0	93	10	5	0	100	10	5	0	103	10	5	0
2	19	147	3	5	0	220	4	5	0	121	5	5	0	145	5	5	0	171	5	5	0	222	5	5	0	783	5	5	0	168	6	5	0	788	6	5	0	97	7	5	0	101	7	5	0	141	7	5	0	147	7	5	0	780	7	5	0	126	8	5	0	143	8	5	0	150	8	5	0	781	9	5	0	788	9	5	0
3	7	143	4	5	0	149	5	5	0	167	5	5	0	166	7	5	0	146	9	5	0	188	11	5	0	186	12	5	0
4	20	223	3	5	0	290	3	5	0	731	3	5	0	221	4	5	0	254	4	5	0	169	5	5	0	291	6	5	0	733	6	5	0	253	7	5	0	167	8	5	0	293	8	5	0	790	8	5	0	289	9	5	0	251	10	5	0	253	10	5	0	473	10	5	0	478	10	5	0	189	12	5	0	784	12	5	0	475	14	5	0
5	16	292	4	5	0	308	4	5	0	311	4	5	0	851	4	5	0	256	6	5	0	853	6	5	0	890	7	5	0	230	8	5	0	309	8	5	0	210	9	5	0	228	9	5	0	893	9	5	0	291	10	5	0	255	12	5	0	173	13	5	0	252	13	5	0
6	34	313	3	5	0	403	3	5	0	405	3	5	0	407	3	5	0	768	3	5	0	356	4	5	0	359	4	5	0	401	4	5	0	426	4	5	0	429	4	5	0	434	4	5	0	448	5	5	0	729	5	5	0	732	5	5	0	769	5	5	0	313	6	5	0	355	6	5	0	228	7	5	0	360	8	5	0	429	8	5	0	430	8	5	0	446	8	5	0	213	9	5	0	356	9	5	0	401	9	5	0	404	9	5	0	406	9	5	0	426	9	5	0	729	9	5	0	311	10	5	0	359	10	5	0	172	12	5	0	474	12	5	0	477	12	5	0
7	22	448	3	5	0	316	4	5	0	376	5	5	0	405	5	5	0	767	5	5	0	401	6	5	0	374	7	5	0	315	8	5	0	451	8	5	0	835	8	5	0	376	9	5	0	749	9	5	0	833	9	5	0	475	10	5	0	404	11	5	0	471	12	5	0	801	12	5	0	804	12	5	0	812	12	5	0	847	12	5	0	474	14	5	0	477	14	5	0
8	47	533	3	5	0	607	3	5	0	609	3	5	0	766	3	5	0	770	3	5	0	880	3	5	0	883	3	5	0	911	3	5	0	913	3	5	0	450	4	5	0	493	4	5	0	548	4	5	0	551	4	5	0	629	4	5	0	779	4	5	0	788	4	5	0	879	4	5	0	379	5	5	0	446	5	5	0	535	5	5	0	606	5	5	0	883	5	5	0	429	6	5	0	488	6	5	0	496	6	5	0	607	6	5	0	910	6	5	0	426	7	5	0	433	7	5	0	625	7	5	0	379	8	5	0	448	8	5	0	491	8	5	0	551	8	5	0	629	8	5	0	779	8	5	0	912	8	5	0	752	9	5	0	909	9	5	0	548	10	5	0	802	10	5	0	805	10	5	0	849	11	5	0	788	12	5	0	827	12	5	0	836	12	5	0	851	12	5	0
9	25	534	4	5	0	625	4	5	0	659	4	5	0	853	4	5	0	896	4	5	0	855	5	5	0	533	6	5	0	627	6	5	0	640	6	5	0	893	6	5	0	535	7	5	0	643	7	5	0	661	7	5	0	530	8	5	0	583	8	5	0	895	8	5	0	586	9	5	0	596	9	5	0	625	9	5	0	550	10	5	0	637	10	5	0	639	11	5	0	754	11	5	0	810	11	5	0	813	11	5	0
10	23	550	3	5	0	552	3	5	0	675	3	5	0	494	4	5	0	627	4	5	0	655	4	5	0	857	4	5	0	490	5	5	0	658	5	5	0	856	6	5	0	357	7	5	0	493	7	5	0	587	7	5	0	595	7	5	0	656	7	5	0	679	7	5	0	660	8	5	0	552	9	5	0	591	9	5	0	627	9	5	0	568	10	5	0	565	11	5	0	571	11	5	0
11	6	677	3	5	0	662	4	5	0	674	5	5	0	677	6	5	0	913	6	5	0	675	9	5	0
12	3	679	4	5	0	674	8	5	0	657	9	5	0
13	1	875	9	5	0
14	1	872	10	5	0
15	2	331	9	5	0	327	10	5	0
16	1	335	12	5	0
43	11	261	3	4	4	276	3	5	5	509	3	5	7	521	3	3	8	713	3	5	10	692	6	5	9	911	11	4	12	258	17	5	3	782	18	5	11	477	19	5	6	97	50	5	2
71	2	784	7	5	0	475	12	5	0
