235
10
15	51	148	16	6	0	170	16	6	0	110	18	6	0	144	18	6	0	174	18	6	0	103	20	5	0	148	20	6	0	170	20	6	0	103	23	5	0	235	24	5	0	376	24	6	0	380	24	6	0	78	26	6	0	416	26	6	0	76	30	6	0	80	30	6	0	78	34	6	0	138	38	6	0	140	40	6	0	172	42	8	0	199	43	8	0	87	44	5	0	90	46	6	0	202	48	8	0	172	50	8	0	108	52	8	0	112	54	5	0	26	94	6	0	28	94	6	0	30	94	6	0	32	94	6	0	26	96	6	0	28	96	6	0	30	96	6	0	32	96	6	0	16	98	6	0	18	98	6	0	40	98	6	0	42	98	6	0	16	100	6	0	18	100	6	0	40	100	6	0	42	100	6	0	16	102	6	0	18	102	6	0	40	102	6	0	42	102	6	0	16	104	6	0	18	104	6	0	40	104	6	0	42	104	6	0
16	31	114	20	6	0	258	22	6	0	266	22	6	0	346	22	6	0	352	22	6	0	196	23	6	0	232	24	6	0	256	26	6	0	280	26	6	0	320	26	6	0	346	26	6	0	352	26	6	0	316	28	6	0	140	34	8	0	142	36	8	0	170	36	8	0	174	36	8	0	346	36	6	0	234	40	6	0	342	40	6	0	348	40	6	0	236	42	6	0	414	44	6	0	170	46	6	0	174	46	6	0	416	46	6	0	140	48	8	0	142	48	8	0	234	48	6	0	414	48	6	0	210	54	6	0
17	18	120	18	6	0	142	20	1	0	174	20	6	0	228	24	6	0	198	25	6	0	412	26	6	0	235	28	5	0	110	30	8	0	414	30	6	0	398	33	5	0	378	34	6	0	395	36	5	0	78	40	6	0	206	46	6	0	236	52	6	0	218	56	6	0	222	56	6	0	30	102	6	0
18	21	318	22	6	0	282	24	6	0	312	24	6	0	258	28	6	0	264	28	6	0	294	28	6	0	298	28	6	0	350	28	6	0	296	30	6	0	342	34	6	0	460	42	6	0	468	42	6	0	454	48	6	0	474	48	6	0	450	50	6	0	478	50	6	0	458	60	6	0	470	60	6	0	20	96	6	0	34	96	6	0	40	96	6	0
19	3	464	40	5	0	454	52	5	0	474	52	5	0
43	20	79	17	5	45	137	17	5	29	259	17	5	34	350	17	5	36	377	17	5	39	415	17	5	38	463	17	5	40	125	19	5	28	234	19	6	32	17	23	5	26	295	33	5	35	48	46	5	27	141	53	5	30	171	53	5	31	221	57	5	33	415	57	5	37	463	81	5	41	79	83	5	43	80	100	6	44	29	111	5	42
65	1	78	96	6	1
68	1	82	96	6	1
70	71	387	29	7	0	389	29	7	0	391	29	7	0	393	29	7	0	395	29	7	0	397	29	7	0	399	29	7	0	401	29	7	0	403	29	7	0	405	29	7	0	387	31	7	0	389	31	7	0	391	31	7	0	401	31	7	0	403	31	7	0	405	31	7	0	387	33	7	0	391	33	7	0	401	33	7	0	405	33	7	0	113	34	5	0	107	35	5	0	109	35	5	0	111	35	5	0	387	35	7	0	389	35	7	0	391	35	7	0	401	35	7	0	403	35	7	0	405	35	7	0	113	36	5	0	454	36	7	0	474	36	7	0	107	37	5	0	111	37	5	0	387	37	7	0	389	37	7	0	391	37	7	0	401	37	7	0	403	37	7	0	405	37	7	0	109	38	5	0	112	38	5	0	107	39	5	0	113	40	5	0	107	41	5	0	110	41	5	0	112	41	5	0	107	43	5	0	108	43	5	0	111	43	5	0	113	43	5	0	107	45	5	0	109	45	5	0	111	45	5	0	113	45	5	0	210	46	5	0	98	50	5	0	101	50	5	0	100	51	5	0	96	52	5	0	98	52	5	0	101	52	5	0	103	52	5	0	97	54	5	0	99	54	5	0	101	54	5	0	103	54	5	0	234	54	5	0	454	56	7	0	474	56	7	0
73	18	196	20	2	0	286	22	2	0	414	22	2	0	274	28	2	0	378	28	2	0	272	30	2	0	326	34	2	0	382	36	2	0	326	38	2	0	461	38	2	0	467	38	2	0	196	48	2	0	459	50	2	0	469	50	2	0	230	54	2	0	464	56	2	0	450	60	2	0	478	60	2	0
