347
21
23	10	733	5	5	0	88	6	5	0	82	7	5	0	740	7	5	0	89	9	5	0	368	9	7	0	883	9	5	0	363	10	7	0	84	12	5	0	363	12	7	0
24	10	83	4	5	0	86	5	5	0	115	5	5	0	79	7	5	0	110	9	5	0	119	10	5	0	80	11	5	0	87	11	5	0	82	12	5	0	120	14	5	0
25	5	147	4	5	0	152	7	5	0	143	8	5	0	186	13	5	0	191	14	5	0
26	7	143	4	5	0	151	4	5	0	113	5	5	0	118	5	5	0	147	8	5	0	114	10	5	0	117	12	5	0
27	11	255	5	7	0	270	5	7	0	411	5	7	0	410	8	7	0	480	8	5	0	408	9	7	0	478	9	5	0	188	12	5	0	189	16	5	0	206	18	5	0	209	18	5	0
28	18	439	3	7	0	276	4	7	0	414	4	7	0	273	5	7	0	368	5	7	0	365	6	7	0	444	6	7	0	482	6	5	0	497	6	5	0	219	8	5	0	413	8	7	0	498	8	5	0	239	9	5	0	217	10	5	0	238	11	5	0	366	11	7	0	410	12	7	0	366	15	7	0
29	30	260	4	7	0	301	4	7	0	443	4	7	0	480	4	5	0	501	4	5	0	529	4	5	0	740	4	5	0	258	5	7	0	441	5	7	0	478	5	5	0	503	5	5	0	654	5	5	0	301	6	7	0	686	6	5	0	692	6	5	0	738	7	5	0	417	8	7	0	475	8	5	0	299	9	7	0	528	9	5	0	652	9	5	0	735	9	5	0	879	9	5	0	692	10	5	0	241	11	5	0	413	11	7	0	525	11	5	0	552	14	5	0	554	15	5	0	549	16	5	0
30	18	531	3	5	0	483	4	5	0	498	4	5	0	304	5	7	0	531	5	5	0	358	6	7	0	656	6	5	0	356	7	7	0	485	7	5	0	501	8	5	0	303	9	7	0	354	9	7	0	655	9	5	0	297	10	7	0	658	11	5	0	554	13	5	0	548	14	5	0	551	16	5	0
31	10	694	4	5	0	717	4	5	0	714	6	5	0	716	8	5	0	687	12	5	0	611	22	5	0	605	23	5	0	614	28	5	0	603	30	5	0	610	30	5	0
32	7	714	4	5	0	737	4	5	0	689	5	5	0	735	6	5	0	719	7	5	0	685	8	5	0	712	9	5	0
33	16	807	3	5	0	835	3	5	0	893	3	5	0	735	4	5	0	864	4	5	0	832	5	5	0	868	5	5	0	896	5	5	0	925	5	5	0	927	6	5	0	893	7	5	0	868	8	5	0	881	8	5	0	805	9	5	0	925	9	5	0	806	12	5	0
43	13	67	3	5	57	163	3	5	59	316	3	5	61	589	3	5	64	647	3	5	67	179	6	5	60	971	17	5	69	930	22	5	65	652	26	5	66	805	28	5	68	555	32	5	63	154	34	5	58	342	37	5	62
52	5	837	4	5	0	834	6	5	0	613	25	5	0	608	26	5	0	613	31	5	0
53	11	788	4	5	0	898	4	5	0	813	5	5	0	931	6	5	0	807	7	5	0	896	7	5	0	789	8	5	0	930	8	5	0	766	11	5	0	927	11	5	0	768	14	5	0
54	1	965	10	5	0
55	6	966	4	5	0	928	8	5	0	840	9	5	0	912	9	5	0	958	11	5	0	667	12	5	0
56	2	961	5	5	0	958	7	5	0
57	3	944	5	5	0	969	5	5	0	959	15	5	0
58	3	968	8	5	0	915	9	5	0	962	13	5	0
70	160	183	3	5	0	185	3	5	0	187	3	5	0	189	3	5	0	191	3	5	0	193	3	5	0	195	3	5	0	197	3	5	0	203	3	5	0	265	3	5	0	281	3	5	0	205	4	5	0	239	4	5	0	241	4	5	0	250	4	5	0	197	5	5	0	203	5	5	0	208	5	5	0	226	5	5	0	228	5	5	0	230	5	5	0	232	5	5	0	234	5	5	0	236	5	5	0	242	5	5	0	244	5	5	0	265	5	5	0	280	5	5	0	205	6	5	0	210	6	5	0	222	6	5	0	224	6	5	0	197	7	5	0	199	7	5	0	201	7	5	0	203	7	5	0	212	7	5	0	226	7	5	0	228	7	5	0	230	7	5	0	232	7	5	0	234	7	5	0	245	7	5	0	251	7	5	0	265	7	5	0	280	7	5	0	204	8	5	0	223	8	5	0	247	8	5	0	249	8	5	0	261	8	5	0	263	8	5	0	212	9	5	0	229	9	5	0	234	9	5	0	245	9	5	0	251	9	5	0	253	9	5	0	255	9	5	0	257	9	5	0	259	9	5	0	265	9	5	0	268	9	5	0	274	9	5	0	276	9	5	0	278	9	5	0	280	9	5	0	204	10	5	0	223	10	5	0	247	10	5	0	249	10	5	0	261	10	5	0	263	10	5	0	270	10	5	0	272	10	5	0	210	11	5	0	212	11	5	0	230	11	5	0	234	11	5	0	245	11	5	0	256	11	5	0	258	11	5	0	273	11	5	0	275	11	5	0	277	11	5	0	279	11	5	0	281	11	5	0	283	11	5	0	206	12	5	0	208	12	5	0	223	12	5	0	247	12	5	0	210	13	5	0	212	13	5	0	230	13	5	0	232	13	5	0	234	13	5	0	245	13	5	0	274	13	5	0	276	13	5	0	278	13	5	0	280	13	5	0	282	13	5	0	284	13	5	0	214	14	5	0	216	14	5	0	218	14	5	0	220	14	5	0	222	14	5	0	224	14	5	0	226	14	5	0	228	14	5	0	236	14	5	0	230	15	5	0	238	15	5	0	242	15	5	0	245	15	5	0	280	15	5	0	282	15	5	0	284	15	5	0	286	15	5	0	215	16	5	0	217	16	5	0	219	16	5	0	221	16	5	0	232	16	5	0	234	16	5	0	236	16	5	0	240	16	5	0	222	17	5	0	230	17	5	0	238	17	5	0	242	17	5	0	281	17	5	0	283	17	5	0	285	17	5	0	215	18	5	0	240	18	5	0	222	19	5	0	229	19	5	0	242	19	5	0	282	19	5	0	285	19	5	0	215	20	5	0	223	21	5	0	225	21	5	0	227	21	5	0	229	21	5	0	285	21	5	0	215	22	5	0	223	23	5	0	225	23	5	0	227	23	5	0	285	23	5	0	215	24	5	0	217	24	5	0	219	24	5	0	221	24	5	0	284	25	5	0	285	27	5	0
72	1	490	8	5	0
