224
15
2	30	699	3	1	0	702	3	1	0	706	3	1	0	681	4	1	0	705	4	1	0	678	6	1	0	699	6	1	0	710	6	1	0	674	7	1	0	703	7	1	0	675	8	1	0	686	9	1	0	708	9	1	0	465	10	1	0	688	10	1	0	468	11	1	0	715	11	1	0	707	12	1	0	465	13	1	0	467	13	1	0	470	13	1	0	714	13	1	0	677	14	1	0	699	14	1	0	468	15	1	0	679	15	1	0	466	16	1	0	701	16	1	0	695	19	1	0	697	19	1	0
3	2	725	3	1	0	727	4	1	0
4	6	684	4	1	0	686	5	1	0	680	10	1	0	682	10	1	0	702	11	1	0	703	12	1	0
6	6	100	4	5	0	185	5	1	0	105	6	5	0	187	8	1	0	100	10	5	0	181	10	1	0
7	4	183	6	8	0	426	6	1	0	305	8	8	0	415	8	1	0
8	39	142	3	5	0	170	3	8	0	115	4	5	0	234	4	8	0	373	4	1	0	378	4	1	0	117	5	5	0	166	5	8	0	167	5	8	0	451	5	1	0	668	5	1	0	375	6	1	0	417	6	1	0	453	6	1	0	670	6	1	0	139	7	5	0	229	7	8	0	307	7	8	0	366	7	1	0	695	7	1	0	697	7	1	0	741	7	1	0	332	8	8	0	336	8	8	0	368	8	1	0	427	8	1	0	749	8	1	0	184	9	8	0	232	9	8	0	170	10	8	0	365	10	1	0	747	10	1	0	749	10	1	0	169	11	8	0	331	11	8	0	694	11	1	0	373	12	1	0	683	16	1	0	685	17	1	0
9	29	417	3	1	0	742	3	1	0	147	4	1	0	414	4	1	0	535	4	1	0	540	4	1	0	744	4	1	0	799	4	1	0	533	5	1	0	804	5	1	0	146	6	1	0	400	6	1	0	653	6	1	0	796	6	1	0	212	7	8	0	739	7	1	0	141	8	1	0	398	8	1	0	402	8	1	0	535	8	1	0	656	8	1	0	654	9	1	0	737	9	1	0	741	9	1	0	803	10	1	0	419	11	1	0	798	11	1	0	416	13	1	0	801	15	1	0
10	62	631	3	1	0	634	3	1	0	766	3	1	0	872	3	1	0	216	4	8	0	232	4	8	0	258	4	8	0	316	4	8	0	433	4	1	0	436	4	1	0	455	4	1	0	493	4	1	0	500	4	1	0	615	4	1	0	902	4	8	0	251	5	8	0	274	5	8	0	342	5	8	0	463	5	1	0	496	5	1	0	613	5	1	0	633	5	1	0	829	5	1	0	871	5	1	0	897	5	8	0	899	5	8	0	211	6	8	0	267	6	8	0	457	6	1	0	770	6	1	0	878	6	1	0	219	7	8	0	250	7	8	0	254	7	8	0	316	7	8	0	344	7	8	0	464	7	1	0	491	7	1	0	609	7	1	0	616	7	1	0	636	7	1	0	639	7	1	0	761	7	1	0	830	7	1	0	230	8	8	0	313	8	8	0	331	8	8	0	335	8	8	0	434	8	1	0	453	8	1	0	828	8	1	0	834	8	1	0	873	8	1	0	270	9	8	0	216	10	8	0	764	10	1	0	233	11	8	0	258	11	8	0	273	12	8	0	330	12	8	0	430	12	1	0	772	16	1	0
11	33	845	3	1	0	564	4	1	0	564	6	1	0	843	6	1	0	538	7	1	0	846	7	1	0	277	8	8	0	407	8	1	0	840	8	1	0	897	8	8	0	899	9	8	0	619	10	1	0	279	11	8	0	588	12	1	0	592	12	1	0	602	12	1	0	616	12	1	0	618	12	1	0	304	14	8	0	604	14	1	0	886	14	1	0	301	15	8	0	404	15	1	0	882	15	8	0	761	16	1	0	806	16	1	0	234	17	8	0	236	17	8	0	805	17	1	0	208	18	8	0	210	18	8	0	261	18	8	0	263	18	8	0
13	3	766	6	1	0	903	14	8	0	901	16	8	0
14	2	335	19	8	0	339	19	8	0
15	3	906	4	8	0	908	7	8	0	905	8	8	0
43	2	937	4	5	5	81	5	5	4
44	1	668	20	5	1
51	2	666	20	5	1	670	20	5	1
