241
17
20	10	288	4	5	0	280	5	5	0	286	6	5	0	169	7	5	0	165	9	5	0	170	12	5	0	368	18	7	0	371	18	7	0	219	23	7	0	214	24	7	0
21	17	170	4	5	0	284	4	5	0	374	4	5	0	206	5	5	0	173	6	5	0	282	6	5	0	324	6	5	0	376	6	5	0	203	8	5	0	210	9	5	0	280	9	5	0	284	9	5	0	374	9	5	0	308	10	5	0	175	12	5	0	206	13	5	0	322	16	5	0
22	22	379	4	5	0	396	4	5	0	393	5	5	0	435	5	5	0	577	5	5	0	222	6	5	0	432	6	5	0	224	8	5	0	574	8	5	0	206	9	5	0	377	9	5	0	395	9	5	0	222	10	5	0	435	10	5	0	540	11	5	0	408	16	7	0	415	18	7	0	411	19	7	0	371	23	7	0	382	23	7	0	368	24	7	0	379	24	7	0
23	22	263	4	5	0	574	4	5	0	269	5	5	0	312	5	5	0	322	5	5	0	538	5	5	0	725	5	5	0	541	7	5	0	720	7	5	0	843	7	5	0	424	8	5	0	436	8	5	0	267	9	5	0	426	9	5	0	538	9	5	0	722	9	5	0	727	9	5	0	849	9	5	0	226	10	5	0	578	10	5	0	312	15	5	0	696	24	5	0
24	20	580	4	5	0	677	4	5	0	469	5	5	0	535	6	5	0	465	7	5	0	310	8	5	0	576	8	5	0	471	9	5	0	566	9	5	0	468	10	5	0	543	10	5	0	534	11	5	0	568	12	5	0	409	15	7	0	677	15	5	0	319	17	5	0	416	17	7	0	409	19	7	0	399	22	7	0	402	22	7	0
25	24	267	4	5	0	540	4	5	0	625	4	5	0	646	4	5	0	320	5	5	0	462	5	5	0	617	6	5	0	675	6	5	0	315	7	5	0	623	7	5	0	679	7	5	0	264	8	5	0	386	8	5	0	656	8	5	0	271	9	5	0	389	9	5	0	644	9	5	0	322	10	5	0	674	10	5	0	318	11	5	0	471	13	5	0	672	14	5	0	682	14	5	0	315	15	5	0
26	11	620	4	5	0	623	4	5	0	650	4	5	0	702	5	5	0	646	7	5	0	698	7	5	0	620	8	5	0	648	11	5	0	736	14	7	0	740	14	7	0	738	17	7	0
27	19	753	3	5	0	699	4	5	0	653	5	5	0	681	6	5	0	757	6	5	0	649	7	5	0	695	7	5	0	673	8	5	0	753	8	5	0	653	9	5	0	703	9	5	0	699	10	5	0	679	11	5	0	550	13	5	0	553	13	5	0	190	16	5	0	194	16	5	0	198	16	5	0	179	19	5	0
28	10	723	4	5	0	730	4	5	0	755	4	5	0	776	4	5	0	751	5	5	0	783	5	5	0	725	10	5	0	719	11	5	0	698	25	5	0	702	25	5	0
29	28	758	3	5	0	829	3	5	0	848	3	5	0	919	3	5	0	938	3	5	0	780	4	5	0	981	4	5	0	788	5	5	0	801	5	5	0	826	6	5	0	845	6	5	0	937	6	5	0	776	7	5	0	797	7	5	0	805	7	5	0	919	7	5	0	783	8	5	0	789	8	5	0	779	9	5	0	979	9	5	0	805	10	5	0	826	10	5	0	847	10	5	0	935	10	5	0	750	11	5	0	801	11	5	0	914	11	5	0	980	13	5	0
30	8	785	3	5	0	834	4	5	0	830	6	5	0	785	9	5	0	977	9	5	0	463	10	5	0	832	11	5	0	468	14	5	0
31	16	803	3	5	0	851	4	5	0	899	4	5	0	940	4	5	0	835	8	5	0	851	8	5	0	899	8	5	0	941	8	5	0	985	8	5	0	828	9	5	0	939	9	5	0	798	10	5	0	897	10	5	0	803	11	5	0	985	14	5	0	980	18	5	0
32	12	846	3	5	0	936	3	5	0	895	5	5	0	917	5	5	0	849	6	5	0	934	6	5	0	939	6	5	0	903	7	5	0	915	7	5	0	937	9	5	0	845	10	5	0	917	11	5	0
33	7	897	4	5	0	901	5	5	0	878	6	5	0	881	6	5	0	862	8	5	0	896	8	5	0	901	10	5	0
43	9	342	3	7	51	480	3	7	53	524	3	7	54	996	3	7	56	367	5	7	52	208	25	5	49	671	27	5	55	145	35	7	48	325	36	7	50
52	3	983	5	5	0	978	13	5	0	982	14	5	0
72	3	712	7	7	0	990	13	5	0	317	17	5	0
