288
17
1	4	204	9	5	0	201	10	5	0	205	12	5	0	200	13	5	0
2	1	203	14	5	0
3	4	206	6	5	0	199	9	5	0	200	15	5	0	206	15	5	0
8	19	197	4	5	0	202	5	5	0	133	7	5	0	208	7	5	0	131	10	5	0	198	11	5	0	197	14	5	0	577	14	5	0	584	14	5	0	354	15	5	0	584	16	5	0	204	17	5	0	578	17	5	0	357	18	5	0	581	18	5	0	201	19	5	0	366	20	5	0	369	21	5	0	365	23	5	0
9	13	135	5	5	0	168	5	5	0	372	5	3	0	393	5	3	0	163	9	5	0	167	9	5	0	134	10	5	0	165	12	5	0	128	18	5	0	418	18	5	0	125	19	5	0	426	19	5	0	371	21	5	0
10	49	230	3	5	0	171	4	5	0	199	4	5	0	778	4	5	0	132	5	5	0	527	6	5	0	131	7	5	0	458	7	5	0	675	7	5	0	401	8	5	0	524	9	5	0	642	9	5	0	670	9	5	0	129	10	5	0	169	10	5	0	281	10	5	0	400	10	5	0	455	10	5	0	635	10	5	0	251	11	5	0	451	11	5	0	640	11	5	0	676	11	5	0	680	11	5	0	778	11	5	0	244	12	5	0	631	12	5	0	635	12	5	0	644	12	5	0	455	13	5	0	460	13	5	0	285	14	5	0	167	15	5	0	225	15	5	0	357	15	5	0	447	15	5	0	642	15	5	0	673	15	5	0	199	16	5	0	424	16	5	0	638	16	5	0	633	17	5	0	353	18	5	0	420	19	5	0	422	19	5	0	296	22	5	0	292	24	5	0	368	25	7	0	370	27	7	0
11	31	166	4	5	0	557	4	5	0	560	4	5	0	526	8	5	0	559	8	5	0	667	8	5	0	632	9	5	0	781	10	5	0	284	11	5	0	637	11	5	0	665	11	5	0	227	12	5	0	832	12	5	0	223	13	5	0	247	13	5	0	779	13	5	0	816	13	5	0	826	13	5	0	170	14	5	0	287	15	5	0	814	15	5	0	834	15	5	0	251	16	5	0	823	16	5	0	827	16	5	0	226	17	5	0	230	17	5	0	817	17	5	0	636	18	5	0	293	28	5	0	297	28	5	0
12	60	232	3	5	0	773	3	5	0	229	4	5	0	300	4	5	0	476	4	5	0	528	4	5	0	602	4	5	0	173	5	5	0	480	5	5	0	555	5	5	0	868	5	5	0	309	6	5	0	523	6	5	0	479	7	5	0	561	7	5	0	609	7	5	0	672	7	5	0	777	7	5	0	857	7	5	0	304	8	5	0	453	8	5	0	604	8	5	0	677	8	5	0	286	10	5	0	476	10	5	0	482	10	5	0	586	10	5	0	599	10	5	0	674	10	5	0	775	10	5	0	863	10	5	0	278	11	5	0	579	11	5	0	771	11	5	0	250	12	5	0	254	12	5	0	281	12	5	0	479	12	5	0	582	12	5	0	604	12	5	0	671	12	5	0	234	13	5	0	698	13	5	0	701	13	5	0	451	14	5	0	579	14	5	0	676	14	5	0	866	14	5	0	245	15	5	0	283	15	5	0	560	15	5	0	563	15	5	0	580	15	5	0	582	15	5	0	233	17	5	0	248	18	5	0	308	18	3	0	311	18	3	0	291	22	5	0	294	25	5	0
13	25	308	3	5	0	304	4	5	0	865	4	5	0	482	5	5	0	307	7	5	0	602	7	5	0	606	7	5	0	861	7	5	0	474	9	5	0	869	9	5	0	480	10	5	0	602	10	5	0	607	10	5	0	457	11	5	0	319	13	5	0	857	13	5	0	869	13	5	0	699	14	5	0	861	14	5	0	323	15	3	0	828	15	5	0	832	16	5	0	404	17	5	0	323	18	3	0	401	18	5	0
14	6	902	5	5	0	906	6	5	0	898	8	5	0	903	9	5	0	902	13	5	0	908	13	5	0
15	14	898	4	5	0	724	5	5	0	934	5	5	0	939	5	5	0	663	9	5	0	909	9	5	0	728	10	5	0	897	11	5	0	641	13	5	0	928	14	5	0	932	14	5	0	679	15	5	0	770	17	5	0	773	18	5	0
16	10	721	4	5	0	726	5	5	0	932	5	5	0	723	8	5	0	866	9	5	0	860	10	5	0	930	10	5	0	716	12	5	0	725	12	5	0	715	13	5	0
17	6	936	8	5	0	378	11	5	0	381	12	5	0	935	12	5	0	614	18	5	0	618	18	5	0
18	4	437	7	5	0	542	12	5	0	531	16	5	0	536	16	5	0
43	13	324	3	3	16	348	3	7	17	419	3	7	18	498	3	5	19	748	3	7	24	119	5	3	13	757	13	5	22	326	15	5	15	939	16	7	25	730	22	5	21	519	23	7	20	869	31	5	23	295	34	5	14
70	27	361	2	5	0	387	2	5	0	401	2	5	0	399	3	5	0	409	3	5	0	362	4	5	0	386	4	5	0	401	4	5	0	406	4	5	0	398	5	5	0	369	6	5	0	380	6	5	0	397	6	5	0	375	7	5	0	404	7	5	0	362	9	5	0	396	9	5	0	405	9	5	0	370	10	5	0	393	10	5	0	365	11	5	0	387	11	5	0	370	12	5	0	372	13	5	0	386	13	5	0	374	15	5	0	376	15	5	0
71	2	203	12	5	0	581	14	5	0
